[[ 5.48286421  5.48286421 -7.70831373]
 [-7.08350641  5.48286421 -7.70831373]
 [ 5.48286421 -7.70831374 -7.08350641]
 [ 4.85805688 -7.08350641  5.48286421]
 [-7.08350641 -7.70831373  5.48286421]
 [-7.70831374  5.48286421  5.48286421]
 [-7.08350641 -7.08350641  4.85805688]
 [-7.08350641  4.85805688  5.48286421]
 [ 5.48286421  5.48286421  4.85805688]
 [-7.08350641  4.85805688 -7.08350641]
 [-7.70831373 -7.08350641 -0.8003211 ]
 [ 5.48286421  4.85805688 -0.8003211 ]
 [ 5.48286421  4.85805688 -7.08350641]
 [-7.08350641 -7.70831374 -0.8003211 ]
 [-7.70831374 -7.08350641 -7.08350641]
 [ 5.48286421 -7.70831374  5.48286421]
 [-0.8003211   5.48286421  4.85805688]
 [ 5.48286421 -7.08350641  4.85805688]
 [-7.08350641 -7.08350641 -7.70831374]
 [-0.8003211  -7.70831373 -7.08350641]
 [ 4.85805688 -0.8003211  -7.08350641]
 [ 4.85805688 -7.08350641 -0.8003211 ]
 [-7.08350641 -0.8003211  -7.70831373]
 [ 5.48286421 -0.8003211   4.85805688]
 [ 4.85805688 -0.8003211   5.48286421]
 [ 5.48286421 -7.70831373 -0.8003211 ]
 [-7.70831374 -0.8003211   5.48286421]
 [-7.70831374 -0.8003211  -7.08350641]
 [-0.8003211   4.85805688  5.48286421]
 [-7.08350641 -0.8003211   4.85805688]
 [ 5.48286421  4.85805688  5.48286421]
 [-0.8003211  -7.70831374  5.48286421]
 [-7.70831373  5.48286421 -7.08350641]
 [-7.08350641  5.48286421  4.85805688]
 [ 5.48286421 -0.8003211  -7.70831373]
 [ 4.85805688  5.48286421 -7.08350641]
 [-7.08350641 -7.70831373 -7.08350641]
 [-0.8003211   5.48286421 -7.70831374]
 [ 5.48286421 -7.08350641 -7.70831374]
 [-0.8003211  -7.08350641 -7.70831374]
 [ 4.85805688 -7.08350641 -7.08350641]
 [-7.08350641  4.85805688 -0.8003211 ]
 [-0.8003211  -7.08350641  4.85805688]
 [-1.42512843 -7.0835064   5.48286421]
 [-7.08350641 -1.42512843 -7.08350641]
 [ 5.48286421 -1.42512843 -7.08350641]
 [-1.42512843  5.48286421  5.48286421]
 [ 4.85805688  5.48286421 -0.8003211 ]
 [-0.8003211  -0.8003211   4.85805688]
 [-1.42512843 -0.8003211  -7.08350641]
 [-1.42512843 -0.8003211   5.48286421]
 [-1.42512843 -7.08350641 -7.08350641]
 [-0.8003211  -1.42512843 -7.08350641]
 [-0.8003211  -0.8003211  -7.70831374]
 [-7.08350641 -7.08350641 -1.42512843]
 [-1.42512843  5.48286421 -7.08350641]
 [-0.8003211  -1.42512843  5.48286421]
 [-7.08350641  5.48286421 -1.42512843]
 [ 5.48286421 -1.42512843  5.48286421]
 [-7.08350641 -1.42512843  5.48286421]
 [-1.42512843 -7.08350641 -0.8003211 ]
 [ 5.48286421  5.48286421 -1.42512843]
 [-7.08350641 -1.42512843 -0.8003211 ]
 [-0.8003211   5.48286421 -1.42512843]
 [-0.8003211  -7.08350641 -1.42512843]
 [ 5.48286421 -1.42512843 -0.8003211 ]
 [ 5.48286421 -7.0835064  -1.42512843]
 [-7.08350641 -0.8003211  -1.42512843]
 [-0.8003211   4.85805688 -0.8003211 ]
 [-0.8003211  -7.70831374 -0.8003211 ]
 [ 4.85805688 -0.8003211  -0.8003211 ]
 [-7.70831374 -0.8003211  -0.8003211 ]
 [-0.8003211  -0.8003211  -1.42512843]
 [-0.8003211  -1.42512843 -0.8003211 ]
 [-1.42512843 -0.8003211  -0.8003211 ]
 [ 5.48285891 -0.80037099 -1.42512121]
 [-7.70818402  5.4827387  -0.80035712]
 [-0.80040785  4.85782058 -7.08350377]]
