[[4.1112071  2.19327996 4.11120714]
 [2.19328008 4.11120724 4.11120701]
 [4.11120711 7.70627754 7.70627756]
 [7.70627746 7.70627728 1.17008885]
 [7.70627712 4.11120716 4.11120678]
 [7.7062766  4.11120701 2.19327987]
 [7.70627775 1.17008893 4.11120726]
 [4.11120711 4.11120691 7.70627624]
 [2.19328013 2.19328036 7.70627719]
 [2.19328025 2.19328004 4.1112066 ]
 [0.62422834 2.19327999 7.70627801]
 [4.11120775 4.11120688 0.62422849]
 [4.11120714 4.11120751 2.19328044]
 [2.19328043 7.706278   7.70627697]
 [2.19328004 1.17008855 4.11120713]
 [7.70627835 7.70627741 7.70627606]
 [7.70627649 4.11120682 7.70627857]
 [4.11120761 2.19328043 7.70627671]
 [1.17008882 7.70627718 7.70627897]
 [7.70627832 0.62422853 7.70627658]
 [4.11120674 7.70627573 4.11120691]
 [2.19328038 4.11120749 7.70627863]
 [4.11120709 7.70627538 1.17008861]
 [7.70627585 4.11120776 0.33301851]
 [7.70627578 7.706278   4.11120615]
 [4.11120635 4.11120818 1.17008871]
 [2.19327965 4.11120788 2.19328052]
 [1.17008855 4.11120814 7.70627828]
 [0.62422827 4.11120653 4.11120778]
 [2.19328044 2.19328054 2.19328056]
 [7.70627769 2.19327924 4.11120724]
 [4.11120607 1.17008889 4.11120605]
 [7.70627592 2.19328029 7.70627475]
 [2.19328048 4.11120814 1.17008852]
 [7.70627956 0.33301836 4.11120644]
 [0.3330184  4.11120556 7.70627812]
 [4.11120689 4.11120844 4.11120604]
 [7.70627603 4.11120711 1.17008927]
 [2.19328052 1.17008849 0.62422825]
 [1.17008845 4.11120842 4.11120634]
 [1.17008854 7.70628071 4.11120716]
 [4.11120907 2.19328034 2.19327971]
 [7.70627496 1.17008875 7.70627327]
 [0.62422814 7.70627512 4.11120606]
 [7.70627744 2.1932801  1.17008949]
 [7.70628045 1.17008928 2.19327953]
 [1.17008907 1.1700884  2.19328113]
 [4.11120837 1.17008941 2.19328056]
 [2.19327989 0.33301824 2.19328085]
 [4.11120745 2.1932788  0.62422869]
 [2.19328058 7.70628166 4.11120573]
 [1.17008841 2.19328135 2.19327939]
 [7.70628024 2.19327962 2.19328142]
 [0.33301864 2.19328097 4.11120619]
 [2.19328046 0.3330182  1.1700884 ]
 [1.17008797 0.62422821 2.19327978]
 [2.19327941 0.62422881 4.11120519]
 [0.62422826 1.17008789 4.11120678]
 [1.17008949 4.11120955 2.19328023]
 [1.17008831 7.70627269 2.19328102]
 [0.62422807 0.624228   7.70627765]
 [7.70628449 0.62422837 0.62422854]
 [2.19327892 1.17008965 7.70627402]
 [0.33301835 2.19327853 0.62422886]
 [0.62422782 1.17008872 0.62422828]
 [0.62422891 1.17008809 1.17008917]
 [4.11120606 0.62422878 4.1112106 ]
 [4.1112051  0.62422804 7.70627185]
 [2.19327779 0.62422852 1.17008844]
 [7.70627074 0.33301863 7.70628038]
 [1.17009001 0.33301832 7.70627893]
 [0.62422853 7.70627651 7.7062858 ]
 [0.62422801 1.17008825 2.19327827]
 [0.62422912 7.70628034 0.33301847]
 [1.17008886 1.17008869 4.1112023 ]
 [0.62422865 0.6242288  4.11121119]
 [4.11120374 7.70627948 0.6242279 ]
 [7.70628455 0.62422825 2.19327845]
 [0.33301832 0.33301879 4.11120944]
 [1.17008988 0.33301867 4.11120943]
 [1.17008774 0.62422788 7.70628068]
 [1.17008851 7.70628452 0.62422901]
 [4.11120728 1.17008885 7.70628764]
 [0.333018   1.17008838 1.17008877]
 [0.62422817 2.19327782 1.17008787]
 [1.17008724 0.62422856 1.17008903]
 [7.70627553 4.11120268 0.62422896]
 [2.19327988 2.19327702 0.62422825]
 [0.62422884 1.17008796 7.70626792]
 [2.19327908 2.19328131 1.1700904 ]
 [0.33301814 7.70627592 7.70626749]
 [1.1700883  2.19327989 4.11120086]
 [1.1700903  4.11120867 1.1700878 ]
 [0.33301862 1.17009001 2.19327767]
 [7.70628362 7.70628456 0.33301884]
 [0.62422926 2.19328019 4.11121185]
 [0.62422946 7.70628213 2.19328   ]
 [4.11120496 0.62422936 1.17008994]
 [2.19328113 0.33301818 4.11120022]
 [1.17008797 1.17009092 0.62422827]
 [4.11120112 0.62422929 0.3330186 ]
 [0.33301795 2.19327834 2.1932768 ]
 [1.17008995 0.62422801 0.62422725]
 [0.62422929 2.19328335 0.62422915]
 [0.33301835 7.70628619 1.17009134]
 [0.62422855 0.62422994 2.19327879]
 [2.19327883 7.70626677 1.1700912 ]
 [4.11120608 7.70628075 2.19328704]
 [7.70627954 0.33301793 0.33301747]
 [0.33301905 0.62422972 2.19327496]
 [1.17008486 7.7062872  0.33301869]
 [0.62423062 0.33301812 1.17008942]
 [0.62422623 2.19328303 2.19328013]
 [0.33301748 7.70630047 4.11121632]
 [0.33301605 4.11122507 1.17009321]
 [4.1111982  1.17007902 0.33301691]
 [2.19329564 4.11118376 0.62422577]
 [4.11120064 2.19326309 0.33302067]
 [0.62423063 4.11124385 0.3330205 ]
 [2.19331063 1.17008839 1.17009237]
 [7.70640318 0.62422975 0.33302079]
 [4.1112519  0.62421815 2.19328964]
 [7.70609844 0.62422668 1.17008056]
 [1.17010607 0.62422753 4.11132129]
 [1.17009901 4.11105923 0.33302152]
 [4.11112892 0.33302514 4.11133069]
 [1.17007531 1.17009513 7.70594645]
 [4.11139608 0.33301608 0.33301998]
 [1.17006999 2.19337924 1.17008136]
 [1.17006204 2.19340229 0.62421957]
 [4.11068183 0.33301546 0.62423111]
 [7.70744213 2.19328953 0.33301542]
 [7.70766154 1.17010019 1.17006008]
 [7.70757065 7.70805029 0.62423833]
 [7.70746794 0.33293708 1.16987108]
 [2.19266447 1.17020664 2.19273008]
 [4.11270852 0.33301612 7.70522809]
 [1.17004553 2.19534843 0.33299961]
 [4.1107021  7.69734386 0.33302035]
 [0.62423974 4.10938536 7.71482723]
 [0.62422883 4.10595265 2.19327625]
 [2.19634432 0.33305438 0.33300685]
 [0.33300579 7.69526616 2.19284178]
 [4.11728661 0.33303324 2.19256346]
 [4.10402182 0.62422996 0.62421833]
 [7.70504332 0.62421686 4.11898492]
 [4.10371295 4.11359506 0.33299966]
 [2.1940251  4.11904623 0.3330133 ]
 [1.170102   2.19532524 7.69230357]
 [2.18870273 0.33301286 7.70631713]
 [0.62425575 4.10151861 0.62422995]
 [4.1016719  2.19491562 1.16983961]
 [1.1700681  7.7264498  1.17013519]
 [2.19222399 2.19921686 0.33303493]
 [0.33305465 1.17017402 4.12268393]
 [2.19713233 0.62444152 2.19819611]
 [0.62409466 7.68400481 1.1700607 ]
 [7.68329499 1.17022501 0.33300445]
 [7.71136289 7.68361206 2.19286204]
 [2.18612362 0.62422851 0.62420682]
 [7.67858146 0.3329388  2.19341192]
 [1.1669891  0.33393261 2.19240488]
 [2.1935619  0.6241379  7.73613046]
 [1.16988081 4.09527375 0.62423925]
 [7.73772847 1.17020791 0.62422852]
 [0.6242053  7.73775661 0.62422712]
 [0.33310784 2.18440163 7.70063722]
 [2.19297805 7.73914624 2.1928757 ]
 [4.09601254 1.16918329 1.1725799 ]
 [2.19325463 7.74562462 0.62422955]
 [2.20450777 0.62357501 0.33304515]
 [0.33301821 0.33305896 7.74690196]
 [0.33302714 1.1698896  7.74889153]
 [4.08739974 1.17020826 0.62394061]
 [0.33315155 4.08660247 2.19072064]
 [0.33306268 4.10309734 4.08588998]
 [0.62421076 2.20789166 0.33300748]
 [0.3331316  0.62692282 4.08780114]
 [2.18871708 7.65208001 0.33298546]
 [1.16390887 1.16404371 1.16991997]
 [0.62426846 0.33299072 4.08078769]
 [0.33298381 7.64768535 0.62424303]
 [7.65153073 2.19350774 0.62242124]
 [0.62208889 4.12533774 1.17713589]]

